user_id,book_id,rating,predict
44356,8497,4,4.0
