user_id,book_id,rating,predict
43908,8846,4,7.96048062350207
