user_id,book_id,rating,predict
37229,9190,4,3.0
