user_id,book_id,rating,predict
4194,9369,4,3.3491276259691536
