user_id,book_id,rating,predict
33183,6392,5,2.65680379316583
