user_id,book_id,rating,predict
49637,9098,5,4.963502252820038
