user_id,book_id,rating,predict
35165,9799,5,4.043241408176694
